Refined Burst Oscillation Search -- Results
======================================================================
Event file      : /home/ruban/AstroSat/observations/4U1728-34/T01_041T01_9000000362/analysis/bary_level2_3_30keV.event.fits
Burst start     : 195101672.035000 s (absolute MET; used as t=0 below)
Coarse window   : [1.000000, 3.000000] s (since burst start)
Refined window  : [0.000000, 4.000000] s (since burst start)
Segment sizes   : [1.0, 2.0, 3.0] s
Step sizes      : {1.0: 0.076, 2.0: 0.1, 3.0: 0.1}
Search band     : 10.0-1000.0 Hz
Normalization   : leahy
Light-curve dt  : 0.00024414 s (Nyquist = 2048.0 Hz)
Total trials    : 72
Note: t_start/t_end below are SECONDS SINCE BURST START (t=0 at burst start).
======================================================================

  seg   step  pos        t_start          t_end  n_photons  peak_freq_Hz  peak_power               status
  1.0  0.076    0       0.000000       1.000000       5684       361.000     43.0183                   ok
  1.0  0.076    1       0.076000       1.076000       6230       361.000     39.3035                   ok
  1.0  0.076    2       0.152000       1.152000       6765       361.000     26.8021                   ok
  1.0  0.076    3       0.228000       1.228000       7220       363.000     23.7024                   ok
  1.0  0.076    4       0.304000       1.304000       7689       363.000     19.3278                   ok
  1.0  0.076    5       0.380000       1.380000       8180       362.000     20.1578                   ok
  1.0  0.076    6       0.456000       1.456000       8635       362.000     23.3302                   ok
  1.0  0.076    7       0.532000       1.532000       9044       362.000     28.7240                   ok
  1.0  0.076    8       0.608000       1.608000       9352       362.000     34.4276                   ok
  1.0  0.076    9       0.684000       1.684000       9635       362.000     27.6254                   ok
  1.0  0.076   10       0.760000       1.760000       9796       362.000     22.2905                   ok
  1.0  0.076   11       0.836000       1.836000       9874       362.000     19.0256                   ok
  1.0  0.076   12       0.912000       1.912000       9945       363.000     24.4647                   ok
  1.0  0.076   13       0.988000       1.988000      10018       363.000     25.5127                   ok
  1.0  0.076   14       1.064000       2.064000      10032       363.000     32.8842                   ok
  1.0  0.076   15       1.140000       2.140000      10063       363.000     47.1833                   ok
  1.0  0.076   16       1.216000       2.216000      10144       363.000     52.5965                   ok
  1.0  0.076   17       1.292000       2.292000      10160       363.000     49.8817                   ok
  1.0  0.076   18       1.368000       2.368000      10156       363.000     59.9149                   ok
  1.0  0.076   19       1.444000       2.444000      10251       363.000     56.4961                   ok
  1.0  0.076   20       1.520000       2.520000      10269       363.000     55.0635                   ok
  1.0  0.076   21       1.596000       2.596000      10302       363.000     48.0585                   ok
  1.0  0.076   22       1.672000       2.672000      10325       363.000     54.0806                   ok
  1.0  0.076   23       1.748000       2.748000      10346       363.000     45.5307                   ok
  1.0  0.076   24       1.824000       2.824000      10319       363.000     50.1034                   ok
  1.0  0.076   25       1.900000       2.900000      10264       363.000     49.3445                   ok
  1.0  0.076   26       1.976000       2.976000      10226       363.000     42.6338                   ok
  1.0  0.076   27       2.052000       3.052000      10232       363.000     33.5533                   ok
  1.0  0.076   28       2.128000       3.128000      10186       363.000     33.9378                   ok
  1.0  0.076   29       2.204000       3.204000      10138       363.000     31.2890                   ok
  1.0  0.076   30       2.280000       3.280000      10085       363.000     27.0138                   ok
  1.0  0.076   31       2.356000       3.356000      10066       363.000     17.0165                   ok
  1.0  0.076   32       2.432000       3.432000      10014       363.000     11.3331                   ok
  1.0  0.076   33       2.508000       3.508000       9926       364.000     13.9669                   ok
  1.0  0.076   34       2.584000       3.584000       9908       219.000     12.7780                   ok
  1.0  0.076   35       2.660000       3.660000       9879       364.000     17.5643                   ok
  1.0  0.076   36       2.736000       3.736000       9871       364.000     13.9997                   ok
  1.0  0.076   37       2.812000       3.812000       9865       364.000     12.6929                   ok
  1.0  0.076   38       2.888000       3.888000       9866       364.000     12.2718                   ok
  1.0  0.076   39       2.964000       3.964000       9797       880.000     13.0778                   ok
  2.0  0.100    0       0.000000       2.000000      15693       362.500     56.9491                   ok
  2.0  0.100    1       0.100000       2.100000      16451       362.500     59.2366                   ok
  2.0  0.100    2       0.200000       2.200000      17187       362.500     55.3824                   ok
  2.0  0.100    3       0.300000       2.300000      17811       362.500     43.2053                   ok
  2.0  0.100    4       0.400000       2.400000      18503       362.500     41.1954                   ok
  2.0  0.100    5       0.500000       2.500000      19146       362.500     40.3023                   ok
  2.0  0.100    6       0.600000       2.600000      19627       362.500     44.7637                   ok
  2.0  0.100    7       0.700000       2.700000      20040       362.500     38.7277                   ok
  2.0  0.100    8       0.800000       2.800000      20149       363.000     41.8935                   ok
  2.0  0.100    9       0.900000       2.900000      20196       363.000     53.9225                   ok
  2.0  0.100   10       1.000000       3.000000      20232       363.000     57.1173                   ok
  2.0  0.100   11       1.100000       3.100000      20253       363.000     72.5174                   ok
  2.0  0.100   12       1.200000       3.200000      20278       363.000     79.8815                   ok
  2.0  0.100   13       1.300000       3.300000      20233       363.000     75.4723                   ok
  2.0  0.100   14       1.400000       3.400000      20227       363.000     62.5835                   ok
  2.0  0.100   15       1.500000       3.500000      20193       363.000     51.4921                   ok
  2.0  0.100   16       1.600000       3.600000      20212       363.000     38.1294                   ok
  2.0  0.100   17       1.700000       3.700000      20192       363.000     26.0990                   ok
  2.0  0.100   18       1.800000       3.800000      20203       363.500     21.3915                   ok
  2.0  0.100   19       1.900000       3.900000      20131       363.500     27.4409                   ok
  2.0  0.100   20       2.000000       4.000000      19966       363.500     29.7955                   ok
  3.0  0.100    0       0.000000       3.000000      25916       362.667     74.1866                   ok
  3.0  0.100    1       0.100000       3.100000      26673       362.667     66.9079                   ok
  3.0  0.100    2       0.200000       3.200000      27325       362.667     52.4180                   ok
  3.0  0.100    3       0.300000       3.300000      27896       362.667     44.9746                   ok
  3.0  0.100    4       0.400000       3.400000      28526       362.667     41.1778                   ok
  3.0  0.100    5       0.500000       3.500000      29085       362.667     43.0110                   ok
  3.0  0.100    6       0.600000       3.600000      29540       362.667     51.1544                   ok
  3.0  0.100    7       0.700000       3.700000      29871       362.667     55.5995                   ok
  3.0  0.100    8       0.800000       3.800000      30028       362.667     52.2716                   ok
  3.0  0.100    9       0.900000       3.900000      30063       362.667     51.3555                   ok
  3.0  0.100   10       1.000000       4.000000      29975       362.667     42.8656                   ok

======================================================================
REFINED CANDIDATE
  Total trials (n)        : 72
  Best segment size       : 2.0 s (step 0.100 s)
  Best segment interval   : [1.200, 3.200] s (seconds since burst start)
  Peak frequency          : 363.000 Hz
  Peak Leahy power (Pmax) : 79.8815
  Photons in segment (Nm) : 20278
  Single trial probability: 3.246e-16
  Confidence level        : 8.16 sigma
  Fractional rms          : 6.20 %
======================================================================
